1000
73 44 1
16 5 23
42 67 86
10 55 4
16 86 46
4 1 83
68 55 29
66 98 21
98 22 42
57 14 13
21 84 62
60 100 78
9 76 39
26 91 40
60 34 72
38 18 100
37 73 10
12 71 89
63 53 74
66 89 30
72 98 89
82 2 69
61 11 61
36 98 30
76 82 99
16 48 34
34 66 96
7 55 85
90 63 36
83 39 80
79 37 2
7 55 65
84 90 1
10 55 27
13 46 10
96 67 6
69 3 81
99 70 27
51 16 84
88 17 100
69 96 3
91 63 85
80 33 25
29 16 45
74 32 16
83 62 4
100 97 2
54 36 40
75 68 11
77 18 99
78 71 68
65 69 32
82 56 91
80 5 56
57 87 8
49 42 78
37 2 41
1 42 57
98 31 67
60 81 83
90 14 81
61 38 36
89 37 94
97 87 65
10 19 4
83 45 78
96 80 66
5 98 52
92 7 98
32 68 96
67 10 77
6 68 91
82 65 54
92 33 47
80 25 64
23 60 91
100 47 93
30 64 56
65 19 26
63 18 95
55 80 45
99 99 99
33 69 55
57 59 38
46 74 16
95 20 58
1 73 59
23 21 97
19 41 36
5 4 81
74 76 22
72 84 72
83 77 98
66 20 11
67 14 93
41 32 82
24 100 35
83 77 15
9 70 2
75 97 39
2 76 15
60 57 42
59 19 85
14 46 40
41 5 75
0 57 27
4 80 61
38 2 57
15 81 62
31 11 66
37 3 58
22 21 46
86 33 83
17 2 33
82 45 77
67 60 99
67 7 97
96 23 25
45 54 78
97 10 17
79 74 13
77 67 94
49 43 41
9 78 90
98 41 60
21 99 3
93 28 75
73 100 14
75 76 37
8 20 80
85 73 67
2 21 41
59 75 48
75 36 52
8 58 1
65 39 45
51 26 61
87 15 84
31 43 35
55 3 20
25 63 58
84 18 41
28 96 15
78 31 43
16 93 89
57 92 78
8 90 85
95 11 94
13 9 38
53 86 23
42 33 100
87 5 14
63 39 40
20 18 1
13 62 100
17 78 67
52 58 41
8 13 21
52 29 5
31 37 19
25 43 87
93 8 68
28 1 34
17 8 18
61 65 100
26 57 61
36 60 91
96 95 29
17 6 40
53 70 66
47 2 34
94 6 97
63 73 6
49 48 55
37 29 63
49 32 95
22 75 38
18 95 60
57 98 14
85 2 99
35 29 87
35 22 38
80 65 25
47 85 3
100 1 1
80 80 99
92 67 54
16 53 10
10 9 17
99 41 62
70 67 75
37 26 33
37 56 98
86 67 92
6 37 12
6 33 77
67 60 11
1 97 39
99 26 64
53 3 4
75 23 60
92 31 9
14 78 60
4 99 54
74 35 78
65 81 74
86 75 33
7 83 47
44 35 57
19 57 99
3 38 18
11 78 3
67 88 33
57 64 92
37 24 17
48 69 67
97 37 34
68 88 23
100 33 89
88 55 34
95 85 18
98 28 93
22 41 17
8 31 78
48 21 33
17 43 82
44 65 58
33 58 9
89 86 90
35 35 60
77 76 20
31 80 31
2 36 39
14 98 61
38 100 15
48 100 27
87 57 12
55 77 36
61 58 61
100 91 18
71 59 9
34 59 57
25 76 48
22 2 57
99 8 47
76 86 17
43 9 84
39 81 80
100 98 41
30 83 16
45 83 96
34 98 65
66 15 25
84 98 25
28 11 21
16 10 4
53 80 34
100 39 9
88 40 84
21 81 30
0 27 62
65 42 19
13 64 42
52 56 84
54 47 14
83 21 71
75 55 81
2 64 93
68 45 5
55 65 61
71 81 41
89 84 47
77 83 58
60 24 94
17 75 28
1 28 70
2 48 25
74 86 76
55 47 53
62 86 17
10 33 56
76 7 28
71 87 7
56 57 34
15 70 53
1 87 71
32 67 10
20 60 75
46 59 25
61 6 25
80 32 67
18 22 25
21 1 14
87 22 56
83 41 63
95 95 17
47 66 68
70 91 100
5 19 45
83 15 78
2 93 86
64 81 11
94 53 82
56 80 4
66 26 38
66 19 66
18 89 10
43 41 16
73 81 87
95 33 26
10 86 69
46 60 37
42 65 78
44 88 41
49 97 30
39 5 87
13 42 34
16 81 80
78 92 39
77 41 62
48 55 54
92 100 81
6 10 20
14 30 25
57 76 73
17 69 21
54 12 86
56 92 59
78 53 78
48 46 58
96 46 59
90 72 20
81 38 43
20 41 6
72 45 65
89 41 20
3 96 47
97 16 13
4 64 60
67 53 15
4 47 1
92 3 36
58 86 97
56 43 8
19 77 96
55 58 79
81 4 75
67 45 63
99 92 73
40 9 35
16 54 82
16 81 32
41 85 37
16 58 42
54 99 95
99 8 69
82 70 56
80 60 28
26 63 84
2 35 88
60 68 69
83 12 56
68 31 60
21 80 63
72 83 63
32 47 87
50 69 97
47 1 94
10 32 14
52 33 14
92 38 94
50 45 96
84 63 23
4 99 34
10 33 33
73 94 45
52 68 7
92 4 28
70 57 74
28 9 52
95 82 27
85 70 9
68 47 78
1 23 57
47 88 38
99 10 38
0 2 42
77 75 53
37 77 96
46 100 56
31 15 100
61 18 70
24 8 15
33 6 28
46 13 25
1 23 28
1 90 31
82 24 95
53 97 9
2 9 3
45 4 63
99 58 92
75 69 6
35 87 31
99 77 4
45 24 7
96 2 72
15 19 12
85 68 41
41 9 44
44 27 57
58 58 81
98 38 32
100 37 76
75 18 61
71 52 15
13 17 1
12 8 16
38 73 58
59 96 91
32 27 27
70 15 34
35 73 75
73 66 59
85 93 63
23 1 19
91 25 16
19 54 59
36 86 34
11 45 87
20 46 63
28 100 1
36 17 39
63 75 34
45 58 33
93 79 38
61 30 32
29 90 66
17 42 4
79 69 11
83 56 97
76 47 70
18 75 8
71 8 8
87 21 91
60 2 68
76 70 22
23 70 19
13 55 55
85 73 70
50 78 61
67 77 35
53 28 74
90 48 65
2 98 62
0 55 55
100 55 38
0 65 91
100 61 33
4 11 83
0 99 43
61 29 41
57 71 100
26 26 94
59 78 24
89 48 41
75 63 74
0 20 21
91 86 32
34 92 69
82 77 39
35 57 4
25 43 2
60 83 20
2 59 23
45 3 87
36 98 27
44 71 96
79 70 92
70 72 24
67 45 84
66 90 100
6 90 18
94 30 67
62 48 83
85 67 94
26 4 85
54 28 31
31 30 58
86 54 55
84 95 42
50 95 41
13 98 74
6 54 76
4 95 82
31 9 97
94 30 1
32 96 39
39 85 37
76 41 73
0 54 4
81 69 83
67 54 42
99 97 98
93 24 72
25 47 39
32 46 61
8 7 32
53 46 81
19 23 85
5 47 9
87 63 13
28 53 36
98 96 13
52 39 2
97 44 60
100 63 3
61 71 58
80 70 89
7 79 5
93 61 47
68 6 13
15 28 37
80 66 44
79 67 41
78 84 95
37 87 8
75 40 70
69 91 72
64 20 30
70 59 36
79 20 6
61 63 52
89 42 1
23 58 58
56 61 7
21 66 14
31 8 81
58 20 9
9 67 98
81 64 70
33 61 4
53 48 96
17 32 44
71 28 4
70 93 6
90 77 46
98 87 25
84 1 80
91 77 4
39 39 55
31 86 25
74 73 98
54 28 35
51 9 46
8 92 17
0 53 42
17 31 57
85 12 5
100 27 67
96 28 17
46 83 61
0 71 40
88 27 3
23 66 83
13 47 81
21 94 36
42 67 14
47 25 9
4 87 25
61 9 64
63 97 5
22 45 39
13 62 69
71 28 11
6 97 77
77 91 2
67 23 25
51 37 95
8 34 45
7 95 21
100 60 84
75 37 68
68 85 59
12 72 83
31 90 6
59 8 29
7 21 17
16 58 27
21 52 78
46 13 17
23 36 86
43 86 20
6 74 68
78 22 46
46 65 73
70 35 40
78 23 25
39 68 89
91 2 82
8 47 90
70 44 46
16 86 48
15 87 67
4 8 40
25 61 69
13 99 9
12 9 17
41 54 55
0 92 67
70 25 2
12 39 71
62 17 11
36 67 58
29 37 5
52 60 75
50 65 61
24 81 77
7 25 48
12 25 45
27 86 68
43 44 59
62 67 78
20 28 98
23 24 41
41 67 73
36 69 53
43 81 99
35 99 22
19 32 69
75 91 13
51 22 21
34 44 91
84 74 99
47 27 41
87 81 48
28 81 52
19 53 6
42 13 34
51 46 69
78 28 15
25 17 18
91 96 80
79 48 79
22 20 89
93 62 100
68 23 92
38 87 35
29 75 87
32 77 66
90 93 62
34 27 91
75 83 75
12 100 82
23 5 33
73 94 6
80 53 38
48 64 69
78 21 43
56 65 95
80 78 67
25 85 66
46 13 67
55 94 27
78 12 41
84 58 56
91 5 25
13 68 39
4 57 29
16 88 96
45 24 72
93 54 6
28 13 37
51 65 58
81 58 33
31 10 68
67 48 15
15 29 66
70 29 55
13 45 52
57 85 91
50 22 39
24 24 77
15 100 82
7 29 92
48 59 23
35 72 76
98 55 70
67 95 83
3 75 98
77 28 9
36 41 40
88 7 40
100 35 40
91 47 20
41 26 27
35 81 8
17 79 13
50 22 62
24 29 11
83 27 46
60 86 100
65 46 89
42 58 87
30 17 52
0 42 24
0 30 70
76 45 72
7 84 93
18 57 73
49 37 81
100 87 47
44 95 98
45 94 28
48 86 21
70 35 42
98 85 64
97 14 17
28 12 87
43 89 76
94 41 86
93 5 46
4 25 17
46 25 23
23 74 80
53 89 74
71 75 25
86 25 64
29 23 13
76 5 76
16 39 79
72 40 83
57 28 81
1 12 64
100 64 45
18 13 17
84 69 3
10 72 100
86 15 32
11 30 40
29 35 24
81 14 29
93 40 71
17 24 45
38 27 52
77 89 85
75 52 73
53 90 67
97 88 98
60 4 61
19 67 40
37 62 67
82 97 70
67 68 52
52 10 20
28 46 55
56 35 42
80 74 70
16 12 2
88 64 68
30 15 68
77 21 90
87 20 40
65 77 35
20 2 14
78 13 34
45 62 57
51 61 95
42 35 78
12 33 57
21 63 84
37 21 1
46 54 18
90 78 19
38 13 28
45 38 11
71 83 38
3 40 45
24 64 84
77 46 25
43 19 26
97 40 88
17 81 100
67 89 59
99 91 5
40 58 61
74 92 31
49 73 97
16 97 9
1 45 6
9 67 78
42 4 54
77 46 98
41 97 68
58 85 42
34 99 40
10 36 76
53 100 79
16 43 68
26 7 46
84 90 42
1 7 59
81 40 43
32 43 54
10 22 75
95 85 81
30 9 85
53 61 85
63 47 47
2 77 57
97 7 12
81 38 96
76 9 32
67 83 21
52 69 42
81 13 32
57 75 18
41 97 37
55 12 25
40 31 94
22 28 37
0 20 25
88 58 41
48 52 2
84 58 8
60 87 90
33 44 96
35 45 55
21 28 21
34 72 75
20 56 69
55 82 52
53 48 15
57 26 71
12 65 66
15 72 4
96 10 58
93 91 57
48 38 28
5 21 40
65 88 97
6 74 32
27 23 13
55 94 47
3 89 85
93 85 66
69 82 83
8 88 1
7 33 36
94 7 87
74 35 91
95 88 7
54 86 32
48 48 69
21 88 44
5 95 26
1 52 5
16 46 80
29 81 85
75 79 54
11 60 98
18 56 55
7 13 96
64 76 28
76 10 62
97 18 34
94 62 11
72 53 57
85 55 91
39 5 38
16 74 2
21 26 87
19 61 77
89 8 11
18 28 91
67 56 15
12 55 55
61 53 3
22 89 58
13 94 70
86 22 44
68 13 87
27 61 19
77 75 10
25 93 2
9 10 84
43 48 99
20 46 23
14 72 37
27 5 38
36 87 6
98 29 77
82 47 46
52 22 97
97 48 53
23 34 79
10 33 21
87 47 83
95 53 33
91 2 11
83 83 38
100 9 27
56 91 37
38 92 85
65 91 93
28 62 38
35 62 33
64 70 73
51 32 31
91 63 31
27 56 28
7 78 53
49 22 17
26 20 90
98 13 29
51 36 99
91 59 33
55 83 24
38 15 17
64 82 82
4 86 31
42 73 40
79 13 6
72 73 82
18 69 54
85 74 65
24 57 38
34 14 7
19 38 41
42 8 52
25 40 82
97 44 64
18 61 15
79 46 84
1 54 73
44 52 32
42 7 15
100 17 30
4 47 5
19 32 19
16 20 13
6 12 13
62 18 5
96 23 79
47 66 45
57 66 7
51 39 32
5 36 8
0 34 29
12 24 3
36 61 83
45 39 23
74 32 14
41 58 27
17 36 76
43 99 74
89 74 71
22 84 76
85 33 65
19 25 7
8 67 44
36 93 63
100 84 31
41 85 26
73 91 41
16 20 69
57 52 31
95 59 36
57 41 42
85 7 21
14 84 31
78 3 72
34 29 37
75 18 15
32 74 85
32 71 93
98 42 24
66 25 14
65 83 43
55 32 37
80 2 41
30 5 55
39 94 64
7 84 22
44 26 6
5 97 10
93 73 87
84 5 4
100 76 79
54 84 33
50 66 61
31 46 91
79 6 30
41 31 52
75 31 59
30 44 90
28 74 83
64 38 29
8 44 91
5 74 9
